08109012069
20078431459
28039512450
29126442279
05096832607
30116423096
19108707677
24088726614
27069544229
08106443263
25068534855
07109838459
02087303287
23108004630
21079910268
24107623627
14109113493
19117949470
03117222607
12018105649
08116808243
28107111281
14079539407
09069731268
27077526671
29088036636
18087919001
10107803292
07078526224
23099146028
20088718292
23047339219
24058127856
19107033427
03036524099
21026433069
30067137058
10048838893
24047234693
04116720006
02097111459
15047223633
03108006861
30098039208
14047309027
02070272434
14028928484
15028029249
23037838853
02129619875
25117547097
13080174424
29098113493
27059929688
08027132252
16038708647
07026704809
07027925426
20078424886
17088927052
28069048295
31056808062
26026420287
29096406493
17037401455
05018235260
19029128602
14069443436
11039117853
30037133813
30087825252
23110375662
12039601034
10077611628
21039640829
07119722270
28056805402
26117102024
06126404431
20069322892
04118532851
07017545811
23086705648
11109447872
17078731060
03096606469
12048710296
10057949037
21109014491
21119817061
02057646872
27128525209
22129201413
15097141425
15098515612
21087340446
12079122252
18027409861
13118216231
21077107018
02058249621
03046630474
10027119021
12088831843
02088922452
21050160634
26057731094
19020153418
03077437842
13026919058
02088318083
26106802032
15087740657
28090278675
12059203213
08109645452
09129434683
02039407488
31038518049
27088936030
27069620464
18056744092
17077143424
23116646218
09019846269
18017016470
01128029008
29088045481
16077648880
13088408041
08089215634
01049440088
29017132677
31107301278
20058344649
15058338440
13088919801
28070099049
26016622078
22049624259
27087747250
02056639252
28108213231
11018817014
10097638026
15118539092
30048033810
17049901224
20089013217
08059900499
28057627869
30058421649
16020293644
21117327679
28038049676
29018518404
06028802089
05106443841
16089307868
23070278286
23057634294
11079014836
20066702260
24018525697
11097742016
12057424603
17110099460
14036813890
26069945804
22059235617
30059621013
01126509282
17127141673
19039014273
21087213827
13120055865
16128714808
28068009857
15087236622
07129931633
13017145015
21056300810
09057409042
02069249488
10068243853
10109844840
20059317645
12040299449
30118809447
26058601437
01096445454
17080258801
19046711249
23086400618
22107235063
11059225482
22028801290
15058316242
06077232255
01077921288
07118010404
14109123618
05018943672
18038409618
12087805091
09090090299
23077033041
21099514458
13110050040
15070165829
17119632021
16057037443
29087336237
30117843013
27050071222
09128112666
22127742034
02128839219
15099437666
20047005249
13048430893
15097947233
02077335458
13056620472
01019225603
29097117800
13119734864
11016419429
24087716461
27099935427
16047031692
08096513268
25029417248
11069843826
31010370488
15056428280
19067734834
04086842217
31109720863
08049311088
07057648001
14057637804
26120255451
16019538218
25068517462
21126328696
14110293462
21086625412
04079422474
14126844892
19047628035
05028632691
26099707045
20050061206
10029417453
14129341654
16128602813
02060297609
08119736618
24098330247
25059126868
26076648238
04117328851
23017522825
06020365283
13059402077
13100369650
01030066452
31127012809
14056428837
01077440425
10127634012
25069939239
18078141480
17058424293
10079219210
16047140297
08127301450
09050074800
09029507624
16119334202
16129831492
11057801222
12036937295
02067705281
25108643024
13110192880
27020091288
30106542259
17039722445
02068010279
19048429834
06040050432
02019400096
28037329241
31109334874
19047849481
02019232215
02028304210
05040383834
07060293834
05026833894
19119809455
16117340469
07087614071
01030289486
20128806661
10068235044
05117025871
28088334053
28118507233
10089228803
06069509264
04098233089
10026413023
17128641262
24099640452
02048116232
17099628073
02089222616
23059738879
06028805479
08098411888
15119948263
05059625693
04099340881
24016524685
07057313255
03129228848
27037424841
12067149058
28068643467
08069612238
27069304074
26067509098
11048730606
11098233042
02108944245
07097522698
21089008422
12038210473
13127933027
20038334868
23098932658
25120061855
26059703659
20018411211
21097240849
27116828443
28079724264
26126512456
30088115615
25107416628
03059539093
01059733881
28098906071
06079801273
02057234825
24049911250
28080387441
25116505420
17017921495
02077532261
10097302648
28020366259
06110381245
06038539416
28088230010
12029536846
03079344612
01129903208
20077907611
24067412245
27079613881
15016548690
14126309067
08067803478
05017939876
01018429639
15076517859
16038712849
16086745201
18078801022
23109406805
22070293033
03128204449
10116400648
17058030260
15068102488
21118235042
30036643257
18058705477
02128417632
05086518661
02027511069
16079410288
06118508864
01067039226
25036617295
25037346627
27106744446
28129405653
17106308462
05119141690
20118700032
12099431030
11097320863
06088423621
17117623491
12098939626
14057032236
02089811441
20096538058
09107612057
28039025657
14077203649
20097615005
08089044201
03080358643
18019439220
26037936870
21107242616
28097114481
23110169418
18099510680
01090272647
03099330456
30058530243
12099822854
07016417461
30069800064
06036601297
29096612476
12037012090
31037318836
11047446297
17086719274
15126905685
03010079046
01110377068
12099410645
02069115023
07049642479
11110059819
02059817070
03096923219
30126522041
28048827081
03010054043
19108111006
27097004620
10099204260
05076528634
07097829033
13048017600
12108648870
23070055414
13037411471
02128903804
10067009865
23096446268
22038549646
16088708435
28058805620
09027733848
14128611429
04068804243
14087506658
31017406046
05038036698
14078804042
02119317226
01076521286
21088837050
27127533232
15128307203
18058425288
05016311601
13017404061
15079617854
27107902282
23046625420
05079133207
29120278027
14109124088
31078602034
09077838039
18079535431
14018835631
24046928489
26017409874
30129840265
28100061459
13100158439
19057308632
04097827449
19087731424
25010199274
26059528881
20017838432
28117039139
02108431736
25038442573
08059614763
21089005547
29099127587
04040394309
05069320149
14027713727
11106411524
29057706161
04128530326
15048702594
25069707974
10056826934
02119002152
23118842960
19039717509
14129625946
24089414373
21089449321
27129634184
29077816125
04106837592
17019304558
01087505371
16089733131
02087200976
30109326964
04066623306
22058525921
24128538573
08119635560
19040177526
16049915199
13089208542
19087311182
25028825598
15096848754
25116638153
06069219355
04049219569
02039032778
20018722101
14019830501
27097629558
10039448144
29046443509
28070081395
23057809396
13068218920
12117037566
18047215508
11019600140
18056424780
23036945923
29078341775
31030088754
25056837909
19116703508
30080299997
31039402575
20029623598
19019508156
09066510341
10109114745
16107539941
22099218103
11127307905
31036410976
04079638744
29097939975
02066720392
19097646352
04107429161
31077938322
01097608187
12017227597
24118049507
09016302136
31086525715
17056848177
18066614901
19117836501
14036844915
09057823523
20067635737
07126509973
09066949564
07076743198
27017501386
23107831762
20106545597
13079522184
30089310527
04098916399
14116628776
23098107770
26038609733
15089006578
03108229976
10128212111
23047001749
12118101918
22129641367
03036806108
24080285392
14109449548
04056644720
06068831596
25020186901
04079519915
31078305714
21017341976
26019107190
01028127584
14090177177
31057525935
19118335166
06038306349
28086522731
18089417305
31128806167
16028618518
03096611101
17077949151
29069411302
21080350926
11058003990
09129414305
26129129912
24076635745
24086424513
14026624372
04128716799
06069415103
08016437779
01050279150
16058726560
10028135578
07079434102
27067247529
05029308944
27107004144
25098431171
22108146331
06109526302
09057109170
09127849983
04118243302
17029626103
21027741344
15087145538
14089620709
18127145381
21018228936
25016913165
05087224920
09067811116
04077545501
05090264984
08050259774
03039209739
14057310767
12067820302
24087437570
06026600160
08077644947
23057514167
31039247138
20099721376
03058007586
15038226123
03056946593
10117541199
08086710324
05098502965
22100362957
16076631569
18047831950
09059212394
10026949977
16058940929
13110358703
25029624367
12107300552
12117024960
21128819387
31019817922
28089310972
18118011984
31088312387
27128042798
05048532146
05087421300
24120355909
15127733306
19069515536
26089224968
24107606153
24046634558
26010083388
17049841345
22027640730
10090378703
08107834924
24068237749
07129813940
18027428599
09027700389
28057036356
09109743906
27086847758
09097200758
27048605902
01036642560
16039423751
12056734943
12117148767
01059419745
24079442956
26088641115
08080361522
18078635343
23106549354
28067038519
19119231313
17078509317
20108429519
22036320129
25108230102
18107304750
21066504511
03029340136
02119627594
02017834366
26087001120
03059132708
08059616340
15088838162
27059630194
14066342728
04080072703
03039749512
18027503345
04119235974
20038840550
23116516128
18040069514
07108941930
04038431574
28107913310
13077823721
07037049152
19080181364
31089421767
25026415929
22109911341
20117830951
23057131314
16099429724
12107643956
23039803925
25037204725
11096819503
11077102908
11078213703
07127121162
09127514531
25028415551
02029245749
11108130174
12029334127
02098739370
25097429971
11019923357
12088837795
20038406982
20039210313
02016613315
08040278592
10099023975
25078402744
08017231732
21037633361
10038243964
24117427354
08046411529
06119205520
19078702349
09127311967
09037409305
29129416368
10050180579
13126633550
24109906758
20057123940
21067908535
15128904767
20099405148
26038943390
20077530577
11078929563
08028715308
17070090392
24127243316
21026308108
06037916712
27110156516
28020180724
09038015734
05026736163
02127547109
23079714569
26077419100
24119300971
18037129743
22028446598
30088538761
14036920131
02018047538
21057119192
18018613367
15028538755
25068924785
12059903916
17086738910
30096814700
27119833766
18067901963
07059320550
13019547994
29058619521
10090167591
16077903724
14067024789
31058633936
06126424971
12098539733
08058914526
13100284507
28069929364
31109801995
08088747942
13128123711
20067422342
07050081758
07067223963
21047546521
18027309336
21026839308
19059226773
11088918373
26116623748
06088708383
11056622596
23017703110
06118416552
10127405552
15106409975
12069039969
13128303566
20118040571
25108037582
18020252525
10050299541
18018045350
24109043784
16056337559
09017023192
18087533545
26088839128
17017521764
04126542505
23018203316
08119025169
11067915722
04088906336
24126928366
23060357307
09096523936
08116300991
10068546791
08096901349
28096511118
01010377524
20068911347
29018507143
19040375395
06129504518
03079520364
25079022139
08109739937
26047439328
14037210928
15039321367
09117215110
22056320966
12039838395
04039810161
26127746507
12106403501
16098904798
19057140375
27086648348
12026817925
08086340934
05068903914
21127948574
21119116594
30066813785
03099520182
14098248170
15098500178
20096301716
23080088701
20076745359
17106502986
16057214736
21066645972
22050367774
25070153745
14019800785
19126846102
12099729730
05128036131
27099410197
06028340549
28078623340
29128720756
23099803118
20067414986
23099925337
03118132768
28076906973
24118812154
22129820903
17086820935
14016428524
10099630553
06079321719
27089540106
22059434350
27048641941
01030398595
19028333369
21070186168
30126745318
05048248502
23039715988
07016909747
24068245377
08088909500
25038310715
03048247589
02077706146
24027543592
11096949199
02080055504
21079435357
29068531916
22078230944
31127437532
04108703941
14088900708
10079338554
07067441162
21089016565
11058647707
05087630511
28077638352
17080355785
17046335325
13067538557
09059916332
22129736988
12028324993
28097023559
18088847500
18068110366
02108021538
15079511134
24047138775
25057621152
20110199156
04038720185
19077204175
17049815964
29119936983
21050190118
03049926129
19098428324
22059839725
21026739710
08079018598
26110070569
03089331179
01068342534
03060366968
12017900348
30129323988
18069638690
12060066866
17107407103
18048931304
12057221281
11058809960
22078844349
01018704427
04076322983
27117314079
74029530948
08086436087
11037227104
16107729759
09127524255
22050191374
24067421177
09058943093
21129847776
20027133267
16088121205
17018700158
48039316577
04057247318
24087847698
24119932390
24017412225
06127916851
08108549263
89026430981
06098847632
22129629022
15058922543
07107941908
27099243371
23060068964
20086943965
27059645981
41026530003
21039904680
04057217087
06048316725
01020181518
17059000977
06027223964
29089842743
19126944540
08118526342
05029431703
23068228964
31038613092
42109128279
27057903835
03028808105
13106644831
23016533455
10640181629
83118946373
40059535324
17140083316
19029747264
26096543815
03118348520
23117232597
26048820610
25107642202
27108401503
27049418685
12668849567
14258641852
26089724448
01117015862
11010195316
31019245651
25748737399
48048637578
13028938165
26080262379
25099417873
93126431701
17169635714
24079444290
06108824679
04038019775
12088749071
13087743564
14019445225
14077203487
81089636923
25127945476
24100266926
53107936197
27268916600
51066438858
24106637926
03027702022
17078947926
10017509981
22119535577
17116945806
25260381754
01129317973
16336840788
23017347381
20070285463
12056313646
15139046276
03098117923
20039017915
02079517552
16038204398
09109017317
24039046691
23028811373
07059240646
07027046010
08738703778
14018822017
07738410590
86079742237
14028819234
22026547174
14020164531
82110358925
08038718364
17090371416
07656527152
01078713139
24100175165
08106749249
24077735794
19038617055
07086531849
29108729099
01087913216
24047428412
20100068010
20049337134
26108542178
06056801632
04047401890
07099810461
06018027397
24038008028
28100064415
15016525518
23066725495
24108004912
31030169614
21336612514
04099523269
20108214118
14126513896
05049804654
12359931771
11089929239
24627718341
20049745878
06528603717
58069146509
12017521032
27026327607
16057431651
12076730104
80106308170
16030172209
21037429047
07069933909
24659600169
62037314174
08030281587
29658533775
11720282477
05066933360
30107610622
07059803748
17067042992
28059933223
23109808466
62026915624
18037906537
14340291514
22059933118
19127523862
15107348786
01078706721
10099428671
26047219603
15020193341
06027628158
19109812096
87068517086
05057834171
25027737431
30019949192
24067716643
50020273914
26097417260
27027833227
13048036701
06107231390
22106724860
22037519115
13039820065
02329524509
03059405658
06079028582
17056841865
21018203485
04129210023
83016313537
10029819942
10029628322
13736829423
11097448681
22108844517
27116922008
20098306275
22018110958
14028207477
24049137261
04046831158
41087628809
09118840922
03108716184
12089313358
24026346408
05018540203
28079826379
17110159269
03106508901
29059724720
28029010384
14057942348
30128212082
24100096932
06016609240
21037030955
14109647307
68106738737
12118118020
05079427804
09086402197
05097924435
27058926421
14058832473
19099318961
05057927469
22048146999
18067237876
20040269291
27016544877
03077036066
20079530019
22108113891
11116718202
03079349851
12019507732
14107312766
17088024532
47116547105
20058506045
30108016678
10078644791
23098624058
18070093398
37026648760
21056904848
27126449440
22117237145
22030078830
21066700612
85117124869
49096435648
02438200799
20048439927
23128015124
05119500658
26129242208
19017645438
06019724970
67038933597
22127323416
10067722758
25067634414
15089013817
29100269896
80029920402
21018922690
28070390355
12067016678
21060387084
04036504507
15028144997
23019028062
13138526945
01017649759
29096802879
19037735658
30058439645
19057518394
27078730914
30117513072
31058740015
24087005336
12038719356
88098349313
16129335339
03069124150
15119431730
11029603601
03046405098
20056638432
10047200828
02058241183
25039638927
06037807794
04018248009
01127628890
07026439226
09050257296
27088718246
12057024559
13057623973
04059606684
04017215863
36028510531
20020098626
29016530796
18099313524
21089330983
09106823240
21076317256
40047645107
19018249939
16019133862
21068948948
15019105336
09030368085
30049205208
06118017968
08067710104
27116419422
27018236153
18109447826
21127317515
12079830233
14079620638
03230388228
19088102080
12089404015
06629401058
04028000052
23137826517
11019814671
07060177648
21109439700
29097449869
06109437148
12086521357
24649339042
15528933396
22038619830
12068413368
28069438118
63108444542
30087501252
14050375567
13069100508
24107005437
15077040711
96097706415
25547334872
18058724013
11018113076
03629721956
10106703677
16070092520
19128709234
07027331623
19016609652
23569823960
08077939742
05117337474
04046741524
22080080224
01096721117
07126643599
12039332237
96118239833
10118417483
27097426126
01068836316
25157934629
07116316160
08126744334
74098230136
11077915712
17057331596
23097809194
30127844301
24068019954
19126407133
30109529105
24088431142
14346716826
17036618833
08118046626
16057511218
14036809184
15037618036
03018425938
24428817908
03018711663
10120373048
38038407790
15049936998
15460276713
36010355100
30116509940
04089028443
09057746170
90047338947
89026904219
25019646727
13038741289
22109320505
04079120832
11066723552
22038725479
09057717219
19018041459
10138711835
08066628753
13079146905
12019823022
12059141080
13127010743
19660081939
94088900227
24037048050
62046512132
19109111468
22039037525
23106340323
14656400868
09046436137
10057044425
21129204017
25068917274
28099847419
12567747507
08016325199
12097336545
28046933470
20068832573
10077040493
77100179765
07079024258
22107712309
07118723701
15558911644
15469501836
15050375681
03046621548
13048800876
10116933692
22016427108
02047928063
05076746852
13448813272
17049710038
12028044613
31107103913
05066446729
12039032072
17096730972
30078831150
05048026103
20068142181
30129429255
21097722495
16077119934
28096803360
89128832395
25078527283
53018607968
28086348687
24069117438
02029234216
01058242573
27238201482
02457820715
03108318939
08050252281
11099320224
17129019730
02127919871
05117448837
27017526621
11089138703
29050388032
11087035487
14020270705
20086839580
04098848022
10336802816
27016518218
23068238331
10108414932
20067832389
04039313980
25126941261
04117949373
28086611300
02077549040
78129326645
16249949966
31058005025
05749939921
38049202283
70119119156
25239147496
01116320025
30329208082
23729732341
11107416368
14447810318
11059629125
03090072845
23107118954
52029245948
04027831328
05068604836
88128034704
18076641768
20010377103
11066621522
15037625113
06128223184
01258920250
05229202788
27129348963
26060169518
09018924487
08089723766
09069331456
08108107813
31038319597
23028537617
23077941657
19030360527
29017004083
94029633981
15058517821
01119735295
22040087835
08078723077
21069004773
22126504882
17138513608
18109233648
17090266187
10087114861
05059424000
19079317090
20020274116
16079543253
12117937796
18126516557
25098104006
27127720548
18086405780
22156631029
25098907433
25048410998
07766306583
18100267260
17078146174
05128120329
07046941300
06067636099
21026316917
10098320610
30067508927
27088627151
08087027024
18068625471
25089430901
28086718571
03089114682
27109726406
31109429234
24058409541
15247537396
29107839185
09059740356
05099547800
39067118920
01049908643
21028228096
06029523469
26057337639
20088745131
01567304435
21050371589
06078713702
10086340165
20117313817
15058921672
06046506071
07077717301
14099909200
18100071602
21019518954
36108248219
19728145481
19017722050
03087503258
01017335045
75088307741
03108237849
05227116221
16026440231
01057645299
05026820895
09129847767
25047134873
08029708259
05028320312
19089913821
19087742452
30078309373
22099038570
18259522381
20127818794
09018843002
25056812906
23059308953
06108900131
24058740536
03087321826
28019035559
09039139990
05109729614
19106412149
63086331697
12067945174
05438012297
79096803736
31148537905
26629229005
22149503993
17046705572
59047745090
29069447404
23746922093
28108338417
09106919140
20129516351
31559534639
24148309107
12056323548
38029237665
23066741055
24099605479
23070357564
08078809419
06116343698
26028036413
15019812879
19117139541
08059022548
27528140174
14118010121
23069518206
25068017206
04058221207
18638110352
15076446609
25046341964
18038740209
11066312998
30109634707
14040366998
10087505535
50069914518
21088727995
17117015424
31078820098
62076920473
01058747595
30109429194
05126614154
18237644584
14069218483
26050364754
30129225466
67067142830
29330077091
17128603646
27068534904
28046549282
01107926556
12107804485
04069614111
18030357694
22030270243
25070165557
62047925852
18077916489
22096638551
21058021562
15070162196
31108934261
21167101761
28096647236
64117648279
06080397659
18120064696
12028040359
30040252720
10118015741
01028725539
71127322505
09369003767
26038728643
13097229052
25238639832
10067434698
14017409633
71047203478
25109347556
22057010979
07069611839
23016612855
30069335701
92097638646
20117215483
09046711197
30248910291
08049803010
20097721239
24629624731
41058824213
26648133697
01060282397
16026717082
14547217966
06028737376
03028635922
21038308669
02089204359
15426314192
28347815392
22016915916
23057108798
09099103679
07108322622
27067901573
10129006752
02089038044
12027909591
09016715966
18057929851
21767235792
47107538085
29059327474
14028328209
10069220709
14088948530
24098229171
05128401694
06647707697
13119518738
24010080777
15237521938
26098616820
07030294305
92030272979
14097337730
85017020584
11018517495
07269340302
05098126938
21047804431
06117412855
15080163727
15086416368
11067718166
71108816344
23088630866
23107930132
02130052213
14149712339
23088729137
12039241879
07028800148
19077749007
15039112075
25126706428
20088030339
24127834667
25026904814
27108741133
29749233985
30098741778
31038641746
06019536589
21026710887
28096348233
12046826166
23047722857
26079732167
17117842635
06128802612
27048302772
13088822522
09109148463
15060382597
28107826661
11029149025
21019218225
19109017631
29049429671
28058028837
22056346500
27099340598
08157220320
22078306657
29107934098
26097339014
14530170683
19029907326
03029149517
22037913757
04128623502
23050172929
22018647292
16109208654
31038317132
18228219869
08059303369
17097718237
94088144044
18058802855
01079907231
19539306950
19056925840
79037149141
28079234151
05078719291
26079543739
13109720032
12017927432
03027406172
31089000388
79099111380
25118618138
03099048924
27069844958
98090289676
17056523387
26047419857
26058123035
18057738312
16119902561
19099417333
01076724012
23069442412
22066441655
30037049898
08039433126
30047848527
28098602824
25126708161
10109330367
04018926407
09626627314
59086438230
22058737856
21068022215
10020251900
05028920751
13089621725
29079748591
21099202936
77017135599
27089339544
29046849181
16119223172
29076646157
29068344237
30637036334
16046707625
07047233370
12076641666
14027238816
27078436803
05118008295
21039123360
26038848266
14058349263
02668538979
04059103976
08126728916
04096840468
08077246127
19089413755
28440195137
11758117177
01049510000
05099830257
20127942855
13050060025
01017823066
28059148720
18347030320
21058929251
27117629147
27070192042
24070157566
15019121779
20088642822
25029402631
24059833428
17039342154
15059511316
67027905030
06056519171
30098901910
06076724693
27020290779
22238427205
87078807387
30127311017
14059516182
13088637016
16029921745
13037028600
02020181128
24058334460
17758931698
88059745378
30118840770
05049724901
07080287364
14076914747
22098625740
27100383247
02017202270
28056449916
06107534308
17089608724
30056434775
18096706355
25109713409
09090266265
29016711952
07047541527
39060090971
09097010193
70099931148
16110081185
25018547155
28019614826
13027912340
05110397897
01127321341
24028523080
24116820583
08017518829
20028811870
01329403477
09087141168
39059020956
67046334987
19118341611
19019007610
14116625548
29108948189
10108815108
09019538688
11446705628
06076737814
18079026944
19037007614
12098103587
28336300929
28017747764
24019919214
16108345040
14019741266
24010295587
16118333571
13040150689
25106410405
25056722281
06019714372